1 25
2 39
3 49
4 3
5 9
6 25
7 20
8 38
9 13
10 0
11 26
12 15
13 2
14 13
15 17
16 19
17 22
18 37
19 37
20 38
21 16
22 20
23 2
24 27
25 17
26 4
27 1
28 21
29 13
30 15
31 37
32 41
33 5
34 39
35 44
36 16
37 14
38 16
39 6
40 27
41 17
42 34
43 44
44 21
45 48
46 14
47 40
48 22
49 1
50 27
51 10
52 17
53 49
54 15
55 47
56 18
57 19
58 0
59 39
60 35
61 16
62 29
63 26
64 23
65 18
66 22
67 39
68 32
69 39
70 46
71 11
72 8
73 32
74 5
75 31
76 30
77 21
78 21
79 4
80 24
81 1
82 17
83 44
84 0
85 32
86 41
87 19
88 3
89 41
90 10
91 40
92 7
93 41
94 16
95 30
96 9
97 39
98 22
99 43
100 30
